273408 1 6
273409 1 309
273410 1 90
273411 1 29
274440 92 493
274441 1 431
274442 1 752
274955 1 91
276495 87 268
273425 62 352
273425 354 733
275338 1 520
276501 4 221
276501 223 2547
276502 2 741
274968 1 1192
274969 1 1003
274970 1 47
274971 1 905
276361 1 161
276361 169 208
276361 210 800
276361 802 833
276315 40 175
276315 178 217
273446 1 33
273447 1 113
273447 115 412
273448 1 391
273449 1 214
273450 1 214
273450 219 647
276525 88 469
276525 471 1606
276525 1626 2893
276527 1 214
276528 4 394
274998 64 782
274999 1 1241
275000 1 136
275001 1 1781
275001 1786 2061
274954 37 37
274954 39 57
276542 74 857
276543 1 638
276543 643 952
276544 2 161
276545 2 110
276545 117 213
273492 71 71
273492 73 282
273492 284 325
273492 327 338
273493 1 233
273494 1 192
273502 73 256
273502 258 318
273502 320 813
273502 815 1064
273503 1 598
276581 79 444
276582 1 871
276583 1 52
276584 1 2
276585 1 238
276585 241 242
276585 245 246
276586 2 658
276586 680 773
276587 1 1006
275059 78 81
275059 105 137
275066 1 96
275067 1 392
275068 1 915
275073 1 517
275074 1 442
275074 444 647
276282 75 534
276282 537 1142
273554 77 437
273555 1 173
274286 1 154
276317 3 138
276653 72 550
274094 108 332
276655 1 593
276655 595 1106
276659 1 127
276659 129 252
275124 106 106
275124 108 431
275125 1 989
275657 1 105
275658 1 337
275659 1 17
275773 1 7
274146 1 67
276092 74 149
274159 1 43
274160 1 207
274161 1 516
274387 88 439
274172 31 95
273158 1 1279
276097 1 507
276242 1 7
276242 18 61
276242 72 1664
276243 1 15
276243 18 480
276243 482 611
276244 3 1202
274198 81 191
274199 1 623
274200 1 678
276775 96 1260
276776 1 1823
275761 1 9
275767 1 4
276794 1 885
276283 3 1087
275772 1 56
273725 83 252
273725 254 2545
275774 1 311
275774 315 315
274240 1 40
274240 42 82
274241 1 1152
274241 1161 1176
275778 1 305
274315 1 424
274244 1 607
275782 1 131
275782 133 762
276807 66 220
276808 1 875
274250 1 701
276811 1 1270
276811 1272 2563
275777 1 300
274317 1 3
275282 91 180
275283 1 132
275284 1 74
275290 96 143
275291 1 347
275292 1 121
275293 1 142
275293 144 201
276318 3 103
276318 106 570
274382 94 144
274283 2 19
274284 1 210
275309 55 617
275310 1 1929
275311 1 1253
275319 141 282
275832 1 367
275833 1 53
275833 56 115
275833 117 251
275834 1 297
275835 1 13
275836 1 429
275836 431 1163
275836 1166 1170
275836 1184 1293
275837 1 186
275837 198 726
275776 1 140
276355 1 33
275847 1 2263
275337 1 427
274314 97 97
274314 99 158
276363 1 140
276363 142 238
276363 242 1482
274316 1 959
273730 1 1814
273730 1820 2126
274319 1 225
275344 76 356
275345 1 353
273302 1 459
274335 60 1003
276384 2 1117
274337 3 17
274338 1 698
274339 1 29
274339 31 31
274339 33 33
274339 35 93
274344 1 632
274345 1 170
275370 81 365
275371 1 22
275371 28 569
275886 73 109
275375 127 1449
275376 1 2667
275376 2669 3096
275890 1 1393
273728 1 100
276810 1 287
274336 1 14
274251 1 546
275911 62 298
275911 300 354
275911 356 440
275912 1 289
275913 1 475
275918 1 318
275918 348 361
275920 5 463
275921 1 2
275921 4 5
275921 17 20
275923 3 53
275923 63 64
275923 66 126
274388 1 1820
276437 63 224
276437 227 1074
276437 1076 2190
275931 1 14
275931 19 89
273403 1 53
276454 1 527
276458 1 341
274420 94 268
274421 1 342
274422 1 2207
273402 100 292
275963 82 139
275963 141 172
273404 1 18
273405 2 25
273406 1 112
