273408 1 6
278017 77 97
278017 99 213
278017 215 512
278017 514 589
278018 1 263
278018 265 422
278018 424 615
278018 617 627
278018 642 1011
278018 1020 1181
273411 1 29
273409 1 309
274440 92 493
274441 1 431
274442 1 752
274955 1 91
278801 48 85
273410 1 90
276495 87 268
273425 62 352
273425 354 733
276501 4 221
276501 223 2547
276502 2 741
275886 73 109
274968 1 1192
274969 1 1003
274970 1 47
274971 1 905
279654 1 108
279654 110 1231
279654 1285 1299
279071 71 244
278875 1 210
278875 212 834
279588 100 1259
273446 1 33
273447 1 113
273447 115 412
273448 1 391
273449 1 214
273450 1 214
273450 219 647
275290 96 143
276525 88 469
276525 471 1606
276525 1626 2893
276527 1 214
276528 4 394
278366 1 453
274998 64 782
274999 1 1241
275000 1 136
275001 1 1781
275001 1786 2061
277087 204 1191
274954 37 37
274954 39 57
276542 74 857
276543 1 638
276543 643 952
276544 2 161
276545 2 110
276545 117 213
275291 1 347
279115 118 524
279116 38 485
277069 81 265
277069 267 390
277070 1 309
277070 311 1059
277071 1 82
277071 90 178
277072 1 253
277072 256 466
277073 1 90
277076 1 3
277076 5 7
277076 9 35
277076 38 1037
273493 1 233
273494 1 192
278923 55 467
273502 73 256
273502 258 318
273502 320 813
273502 815 1064
273503 1 598
275293 1 142
275293 144 201
276581 79 444
277094 1 161
277094 164 584
276583 1 52
277096 1 1309
277096 1311 2086
276585 1 238
276585 241 242
276585 245 246
276586 2 658
276586 680 773
276587 1 1006
278290 1 11
279656 1 43
275059 78 81
275059 105 137
277112 1 155
278804 1 4
275066 1 96
275067 1 392
275068 1 915
273728 1 100
275073 1 517
275074 1 442
275074 444 647
277126 42 59
277127 1 438
277127 440 902
279794 77 1100
276947 1 89
276947 91 126
276947 135 141
274200 1 678
273554 77 437
273555 1 173
274286 1 154
278167 87 394
278167 397 1153
278167 1155 1660
278167 1662 1707
278167 1709 2258
277148 83 190
277148 193 700
278175 1 88
279715 71 474
279715 476 477
279715 480 480
279715 511 511
279715 523 691
279716 1 860
279716 875 1528
279716 1530 1653
276317 3 138
275911 62 298
275911 300 354
275911 356 440
276653 72 550
277166 77 186
277166 188 431
276655 1 593
276655 595 1106
277168 1 1708
277168 1711 1822
277168 1824 2223
278193 77 231
276659 1 127
276659 129 252
275124 106 106
275124 108 431
275125 1 989
277180 88 228
275658 1 337
279080 68 224
275657 1 105
277194 113 139
277194 144 497
277194 500 1115
277194 1117 1312
277194 1320 1749
277194 1754 2067
277194 2070 2070
275659 1 17
279760 68 578
279760 585 728
275773 1 7
279766 1 1689
279767 1 776
278308 87 216
278308 219 587
278308 589 680
278308 683 1200
278308 1217 1410
278308 1413 1848
278308 1880 1880
278239 76 339
278239 341 558
278239 560 740
278240 1 64
278240 70 113
278240 115 1121
278240 1123 1296
278240 1299 1309
274146 1 67
275835 1 13
278310 1 32
278310 34 709
276092 74 149
274382 94 144
276584 1 2
274159 1 43
274160 1 207
278769 75 104
278770 1 767
275923 3 53
275923 63 64
275923 66 126
276948 1 474
274172 31 95
278273 75 110
278274 1 18
278274 20 85
273158 1 1279
276097 1 507
279029 1 260
279823 61 395
278288 67 81
278289 1 42
278289 44 52
278802 1 17
278803 1 87
278803 91 133
278803 135 297
278803 299 323
276244 3 1202
278805 3 26
278805 30 167
278805 170 193
278805 196 280
278805 283 284
278805 288 288
274198 81 191
274199 1 623
278808 1 445
278808 447 462
278808 464 1793
279841 75 398
279841 407 2122
278820 17 1533
276870 78 1354
276870 1356 3108
276870 3111 3258
276870 3260 3484
278822 1 1627
276775 96 1260
276776 1 1823
278315 73 254
278315 256 661
278315 663 767
275761 1 9
274317 1 3
275767 1 4
277305 62 744
276794 1 885
276283 3 1087
275772 1 56
273725 83 252
273725 254 2545
275774 1 311
275774 315 315
274240 1 40
274240 42 82
274241 1 1152
274241 1161 1176
275778 1 305
276363 1 140
276363 142 238
276363 242 1482
274244 1 607
275782 1 131
275782 133 762
276807 66 220
276808 1 875
278345 84 500
278345 503 831
278346 1 117
276811 1 1270
276811 1272 2563
278349 1 401
278349 403 612
278349 632 633
275777 1 300
279887 79 221
279887 225 397
275282 91 180
275283 1 132
275284 1 74
278873 70 129
278874 1 273
278874 275 478
276315 40 175
276315 178 217
275292 1 121
276282 75 534
276282 537 1142
276318 3 103
276318 106 570
276831 64 755
276831 761 2702
276834 1 720
275337 1 427
274283 2 19
274284 1 210
275309 55 617
275310 1 1929
275311 1 1253
279844 72 295
275319 141 282
275832 1 367
275833 1 53
275833 56 115
275833 117 251
275834 1 297
279931 84 628
279931 630 743
279931 746 801
279931 803 1043
279931 1045 3022
275836 1 429
275836 431 1163
275836 1166 1170
275836 1184 1293
275837 1 186
275837 198 726
275776 1 140
276355 1 33
278406 85 360
278406 362 1682
275847 1 2263
276361 1 161
276361 169 208
276361 210 800
276361 802 833
275338 1 520
274315 1 424
274316 1 959
273730 1 1814
273730 1820 2126
274319 1 225
275344 76 356
275345 1 353
273302 1 459
274335 60 1003
276384 2 1117
274337 3 17
274338 1 698
274339 1 29
274339 31 31
274339 33 33
274339 35 93
274161 1 516
274344 1 632
274345 1 170
275370 81 365
275371 1 22
275371 28 569
277420 84 84
277420 86 291
277420 293 346
278957 79 227
274314 97 97
274314 99 158
275375 127 1449
275376 1 2667
275376 2669 3096
275890 1 1393
278963 1 23
278963 25 175
279479 86 190
278969 70 511
278969 514 1051
278969 1053 1291
278969 1293 1397
278969 1399 1460
278962 68 408
276810 1 287
278975 1 475
278975 477 745
278975 747 850
278976 1 20
274336 1 14
274251 1 546
276935 79 184
276935 186 838
276935 842 906
275912 1 289
275913 1 475
278986 71 199
276940 70 213
275918 1 318
275918 348 361
275920 5 463
275921 1 2
275921 4 5
275921 17 20
276946 1 27
274387 88 439
274388 1 1820
276437 63 224
276437 227 1074
276437 1076 2190
276950 1 2353
276242 1 7
276242 18 61
276242 72 1664
275931 1 14
275931 19 89
274094 108 332
273403 1 53
276454 1 527
274250 1 701
276458 1 341
278509 91 1557
276582 1 871
279024 82 382
274420 94 268
274421 1 342
274422 1 2207
276243 1 15
276243 18 480
276243 482 611
273492 71 71
273492 73 282
273492 284 325
273492 327 338
273402 100 292
275963 82 139
275963 141 172
273404 1 18
273405 2 25
273406 1 112
279653 77 77
279653 82 261
