273158 1 1279
273302 1 459
273402 100 292
273403 1 53
273404 1 18
273405 2 25
273406 1 112
273408 1 6
273409 1 309
273410 1 90
273411 1 29
273425 354 733
273425 62 352
273446 1 33
273447 1 113
273447 115 412
273448 1 391
273449 1 214
273450 1 214
273450 219 647
273492 284 325
273492 327 338
273492 71 71
273492 73 282
273493 1 233
273494 1 192
273502 258 318
273502 320 813
273502 73 256
273502 815 1064
273503 1 598
273554 77 437
273555 1 173
273725 254 2545
273725 83 252
273728 1 100
273730 1 1814
273730 1820 2126
274094 105 332
274146 1 67
274159 1 43
274160 1 207
274161 1 516
274172 31 95
274198 81 191
274199 1 623
274200 1 678
274240 1 40
274240 42 82
